Size	global =  1658
#	Value
0	0.332623
1	0.332623
2	0.399018
3	0.382119
4	0.332623
5	0.383393
6	0.332623
7	0.385142
8	0.332623
9	0.332623
10	0.332623
11	0.407355
12	0.332623
13	0.401715
14	0.383393
15	0.383883
16	0.535704
17	0.47053
18	0.487795
19	0.535704
20	0.535704
21	0.464982
22	0.495539
23	0.490553
24	0.332623
25	0.332623
26	0.390359
27	0.382205
28	0.470217
29	0.476324
30	0.45548
31	0.425451
32	0.482926
33	0.445159
34	0.490076
35	0.332623
36	0.38407
37	0.38042
38	0.394531
39	0.332623
40	0.372671
41	0.383512
42	0.411981
43	0.476513
44	0.418373
45	0.413703
46	0.46694
47	0.332623
48	0.332623
49	0.332623
50	0.378827
51	0.332623
52	0.332623
53	0.403375
54	0.382181
55	0.386615
56	0.332623
57	0.374471
58	0.39756
59	0.39456
60	0.421863
61	0.415561
62	0.535704
63	0.535704
64	0.483124
65	0.480193
66	0.535704
67	0.535704
68	0.535704
69	0.490536
70	0.485096
71	0.451531
72	0.452414
73	0.48818
74	0.491564
75	0.386409
76	0.458951
77	0.481073
78	0.423851
79	0.332623
80	0.332623
81	0.332623
82	0.365829
83	0.396359
84	0.332623
85	0.380382
86	0.414533
87	0.433664
88	0.419883
89	0.39387
90	0.412731
91	0.393592
92	0.442505
93	0.41897
94	0.422921
95	0.332623
96	0.381068
97	0.332623
98	0.371457
99	0.384644
100	0.332623
101	0.332623
102	0.332623
103	0.535704
104	0.535704
105	0.535704
106	0.506921
107	0.454141
108	0.386748
109	0.467661
110	0.432202
111	0.370262
112	0.434164
113	0.383892
114	0.378707
115	0.383662
116	0.332623
117	0.414408
118	0.374241
119	0.48305
120	0.535704
121	0.535704
122	0.535704
123	0.535704
124	0.484135
125	0.535704
126	0.332623
127	0.332623
128	0.332623
129	0.385127
130	0.484934
131	0.535704
132	0.434164
133	0.484934
134	0.470217
135	0.401715
136	0.443325
137	0.463117
138	0.4937
139	0.470898
140	0.497103
141	0.445637
142	0.332623
143	0.332623
144	0.332623
145	0.535704
146	0.485928
147	0.478096
148	0.490202
149	0.419821
150	0.427214
151	0.390667
152	0.451668
153	0.332623
154	0.481024
155	0.465992
156	0.481571
157	0.402615
158	0.332623
159	0.387247
160	0.40982
161	0.332623
162	0.392328
163	0.487773
164	0.535704
165	0.497346
166	0.332623
167	0.38196
168	0.37252
169	0.500305
170	0.482435
171	0.464672
172	0.460049
173	0.535704
174	0.535704
175	0.332623
176	0.332623
177	0.375621
178	0.387827
179	0.484257
180	0.434164
181	0.446921
182	0.493827
183	0.381675
184	0.332623
185	0.332623
186	0.535704
187	0.535704
188	0.488085
189	0.535704
190	0.332623
191	0.332623
192	0.383893
193	0.332623
194	0.374361
195	0.373871
196	0.370885
197	0.332623
198	0.388669
199	0.399756
200	0.464456
201	0.447969
202	0.417912
203	0.332623
204	0.390228
205	0.535704
206	0.493145
207	0.491602
208	0.381068
209	0.376109
210	0.441152
211	0.436856
212	0.332623
213	0.332623
214	0.376109
215	0.332623
216	0.332623
217	0.535704
218	0.535704
219	0.488164
220	0.391984
221	0.379736
222	0.449396
223	0.332623
224	0.332623
225	0.332623
226	0.332623
227	0.535704
228	0.535704
229	0.535704
230	0.535704
231	0.535704
232	0.494166
233	0.482087
234	0.47193
235	0.535704
236	0.475115
237	0.535704
238	0.496156
239	0.332623
240	0.404864
241	0.40802
242	0.535704
243	0.535704
244	0.482435
245	0.487883
246	0.434164
247	0.437917
248	0.482435
249	0.468346
250	0.332623
251	0.332623
252	0.332623
253	0.332623
254	0.332623
255	0.386558
256	0.375906
257	0.332623
258	0.332623
259	0.332623
260	0.407355
261	0.382294
262	0.443998
263	0.441869
264	0.380802
265	0.389899
266	0.431413
267	0.484681
268	0.421863
269	0.485754
270	0.535704
271	0.476635
272	0.466371
273	0.430147
274	0.455027
275	0.453524
276	0.456619
277	0.482885
278	0.332623
279	0.405136
280	0.535704
281	0.535704
282	0.487773
283	0.404163
284	0.469128
285	0.47052
286	0.446523
287	0.535704
288	0.535704
289	0.535704
290	0.488996
291	0.488406
292	0.535704
293	0.535704
294	0.491442
295	0.469393
296	0.443325
297	0.428785
298	0.388943
299	0.373691
300	0.479302
301	0.383858
302	0.376451
303	0.427673
304	0.535704
305	0.492957
306	0.535704
307	0.535704
308	0.494548
309	0.387771
310	0.405136
311	0.487773
312	0.535704
313	0.498566
314	0.535704
315	0.535704
316	0.535704
317	0.497644
318	0.396716
319	0.434164
320	0.332623
321	0.332623
322	0.400457
323	0.417539
324	0.396097
325	0.332623
326	0.535704
327	0.396074
328	0.332623
329	0.332623
330	0.38872
331	0.332623
332	0.378438
333	0.535704
334	0.535704
335	0.469345
336	0.535704
337	0.535704
338	0.493871
339	0.470217
340	0.484681
341	0.434164
342	0.437917
343	0.383393
344	0.535704
345	0.332623
346	0.332623
347	0.370254
348	0.375882
349	0.487502
350	0.488296
351	0.535704
352	0.332623
353	0.332623
354	0.407447
355	0.484934
356	0.535704
357	0.535704
358	0.484934
359	0.535704
360	0.535704
361	0.487159
362	0.434315
363	0.487692
364	0.535704
365	0.535704
366	0.478641
367	0.485499
368	0.441464
369	0.471294
370	0.490057
371	0.332623
372	0.332623
373	0.332623
374	0.464249
375	0.464121
376	0.535704
377	0.332623
378	0.332623
379	0.483285
380	0.38203
381	0.535704
382	0.500519
383	0.442096
384	0.448511
385	0.423224
386	0.440676
387	0.332623
388	0.371731
389	0.373948
390	0.484828
391	0.332623
392	0.417387
393	0.481024
394	0.451983
395	0.535704
396	0.535704
397	0.497004
398	0.332623
399	0.488528
400	0.535704
401	0.535704
402	0.492094
403	0.332623
404	0.376109
405	0.478641
406	0.434164
407	0.535704
408	0.373577
409	0.398413
410	0.332623
411	0.332623
412	0.428127
413	0.332623
414	0.332623
415	0.451903
416	0.494836
417	0.332623
418	0.332623
419	0.42536
420	0.332623
421	0.383393
422	0.383393
423	0.446075
424	0.535704
425	0.490361
426	0.535704
427	0.483454
428	0.487027
429	0.466289
430	0.332623
431	0.332623
432	0.434164
433	0.535704
434	0.535704
435	0.535704
436	0.535704
437	0.535704
438	0.535704
439	0.332623
440	0.332623
441	0.384644
442	0.535704
443	0.535704
444	0.535704
445	0.490255
446	0.332623
447	0.535704
448	0.384644
449	0.383393
450	0.409601
451	0.375861
452	0.332623
453	0.38203
454	0.369598
455	0.535704
456	0.494892
457	0.332623
458	0.469198
459	0.434164
460	0.402598
461	0.498941
462	0.484296
463	0.535704
464	0.364433
465	0.38196
466	0.367616
467	0.383393
468	0.383393
469	0.332623
470	0.434164
471	0.388905
472	0.535704
473	0.535704
474	0.332623
475	0.535704
476	0.535704
477	0.376446
478	0.417647
479	0.372452
480	0.446635
481	0.332623
482	0.332623
483	0.39646
484	0.375439
485	0.332623
486	0.376109
487	0.535704
488	0.535704
489	0.535704
490	0.332623
491	0.535704
492	0.332623
493	0.434164
494	0.487071
495	0.535704
496	0.535704
497	0.388059
498	0.481693
499	0.535704
500	0.485195
501	0.332623
502	0.332623
503	0.332623
504	0.491772
505	0.454141
506	0.492524
507	0.535704
508	0.332623
509	0.332623
510	0.332623
511	0.332623
512	0.332623
513	0.470059
514	0.332623
515	0.484264
516	0.489234
517	0.388943
518	0.395027
519	0.535704
520	0.486325
521	0.332623
522	0.332623
523	0.332623
524	0.375252
525	0.434164
526	0.332623
527	0.332623
528	0.535704
529	0.434164
530	0.535704
531	0.493863
532	0.535704
533	0.535704
534	0.475735
535	0.420762
536	0.437917
537	0.434578
538	0.332623
539	0.4937
540	0.443325
541	0.392919
542	0.487304
543	0.465535
544	0.49047
545	0.438724
546	0.332623
547	0.490255
548	0.535704
549	0.535704
550	0.434164
551	0.535704
552	0.535704
553	0.332623
554	0.332623
555	0.434164
556	0.535704
557	0.535704
558	0.535704
559	0.444049
560	0.424188
561	0.535704
562	0.442662
563	0.535704
564	0.535704
565	0.535704
566	0.401715
567	0.413703
568	0.434164
569	0.481024
570	0.459014
571	0.418373
572	0.486404
573	0.484934
574	0.332623
575	0.535704
576	0.332623
577	0.498073
578	0.535704
579	0.535704
580	0.535704
581	0.535704
582	0.535704
583	0.416545
584	0.480248
585	0.535704
586	0.535704
587	0.535704
588	0.535704
589	0.493641
590	0.535704
591	0.484934
592	0.426795
593	0.37456
594	0.332623
595	0.535704
596	0.476513
597	0.441152
598	0.332623
599	0.332623
600	0.535704
601	0.332623
602	0.382385
603	0.332623
604	0.535704
605	0.535704
606	0.535704
607	0.535704
608	0.332623
609	0.332623
610	0.332623
611	0.535704
612	0.535704
613	0.436035
614	0.376109
615	0.535704
616	0.434164
617	0.332623
618	0.332623
619	0.364433
620	0.332623
621	0.332623
622	0.535704
623	0.535704
624	0.484934
625	0.332623
626	0.535704
627	0.332623
628	0.332623
629	0.332623
630	0.392919
631	0.332623
632	0.434164
633	0.425298
634	0.535704
635	0.535704
636	0.484264
637	0.535704
638	0.480248
639	0.332623
640	0.332623
641	0.376152
642	0.332623
643	0.535704
644	0.48305
645	0.535704
646	0.535704
647	0.484934
648	0.535704
649	0.535704
650	0.535704
651	0.250825
652	0.250678
653	0.217283
654	0.0764714
655	0.0748628
656	0.171869
657	0.0620456
658	0.261202
659	0.181046
660	0.168055
661	0.186096
662	0.250239
663	0
664	0
665	0
666	0.0544288
667	0
668	0
669	0.0893372
670	0.0882488
671	0
672	0
673	0.0851666
674	0.068976
675	0
676	0
677	0.08033
678	0.0638379
679	0
680	0.0839901
681	0
682	0.0843732
683	0.256982
684	0.196711
685	0.267935
686	0.170764
687	0.199419
688	0.25388
689	0.175851
690	0.120381
691	0.0581485
692	0.263665
693	0.256332
694	0.268183
695	0.128876
696	0.215343
697	0.230896
698	0.0894045
699	0.252687
700	0.272587
701	0.264958
702	0.105654
703	0
704	0.0755217
705	0.0690151
706	0.0992574
707	0.103471
708	0.157765
709	0.0679127
710	0.220609
711	0.278267
712	0.261917
713	0.270566
714	0.177633
715	0.236754
716	0.248255
717	0.125962
718	0.138126
719	0.202473
720	0.0661812
721	0.166311
722	0.113102
723	0.238473
724	0.259734
725	0.210318
726	0.192031
727	0
728	0.0672962
729	0.123953
730	0.128876
731	0.109402
732	0.190059
733	0
734	0
735	0
736	0.0852468
737	0.0524104
738	0.0936173
739	0.165424
740	0.148394
741	0.100023
742	0.21291
743	0.0960316
744	0
745	0.0835247
746	0.0683893
747	0
748	0
749	0.245425
750	0.166311
751	0.166343
752	0.258864
753	0.23201
754	0.229515
755	0.276261
756	0.0652156
757	0.148939
758	0.179724
759	0.253057
760	0.24848
761	0.227716
762	0.231289
763	0.147594
764	0.128876
765	0.0967293
766	0.236459
767	0.128876
768	0.0894045
769	0.149486
770	0.156192
771	0.187932
772	0.12133
773	0
774	0.0845527
775	0.101113
776	0.248969
777	0.278363
778	0.189507
779	0.259403
780	0.0793036
781	0.0966434
782	0.147594
783	0.110874
784	0.0554371
785	0.147594
786	0.190452
787	0.223484
788	0.267739
789	0.248801
790	0.231289
791	0.211105
792	0.255726
793	0.084966
794	0.166311
795	0.12395
796	0.14966
797	0
798	0.23577
799	0.0828555
800	0
801	0
802	0.243325
803	0.249932
804	0
805	0
806	0.0894045
807	0.176314
808	0.200163
809	0.277186
810	0.221749
811	0.277186
812	0
813	0
814	0.0884125
815	0.191784
816	0.223295
817	0.206874
818	0.280212
819	0.0554371
820	0
821	0
822	0.28441
823	0.244099
824	0.211693
825	0.241054
826	0.154658
827	0.128876
828	0.172782
829	0.211105
830	0.28441
831	0.28441
832	0
833	0
834	0
835	0.0894045
836	0.248304
837	0.276588
838	0.216965
839	0.0894644
840	0.202653
841	0.0759118
842	0.181581
843	0.254378
844	0.211196
845	0
846	0.0925857
847	0.0986635
848	0.0934894
849	0.169177
850	0.232745
851	0
852	0.0764274
853	0
854	0.112899
855	0
856	0.084088
857	0.0690076
858	0.231289
859	0.28441
860	0.225103
861	0.260115
862	0.255348
863	0
864	0.0985753
865	0
866	0
867	0.211105
868	0.185267
869	0
870	0.0927482
871	0.0784423
872	0.28441
873	0.269016
874	0.251017
875	0.235593
876	0.166311
877	0.0988731
878	0.0966534
879	0.120579
880	0.147594
881	0.147594
882	0.221749
883	0.207771
884	0.0894045
885	0.0897085
886	0.217581
887	0.211105
888	0.246144
889	0.102191
890	0.118462
891	0
892	0.121583
893	0.0715798
894	0.112131
895	0
896	0
897	0.240219
898	0.149649
899	0
900	0.252216
901	0.268145
902	0.180548
903	0.265786
904	0
905	0.0499333
906	0.0833992
907	0.0499333
908	0.128876
909	0.0819521
910	0.270159
911	0.0846132
912	0
913	0
914	0.155306
915	0.196455
916	0.09699
917	0.169661
918	0.0926112
919	0
920	0
921	0
922	0
923	0.0473918
924	0
925	0
926	0.110874
927	0.0554371
928	0.0554371
929	0.0880492
930	0.128876
931	0.0499333
932	0.237098
933	0.171394
934	0
935	0.236916
936	0.09699
937	0
938	0
939	0
940	0.0741415
941	0.221567
942	0
943	0
944	0.217702
945	0.258747
946	0
947	0
948	0
949	0
950	0
951	0.0554371
952	0
953	0
954	0
955	0
956	0.0781744
957	0.221318
958	0.168055
959	0.199052
960	0.171944
961	0.165597
962	0.261202
963	0.270591
964	0.147594
965	0
966	0
967	0.0836251
968	0.282628
969	0
970	0
971	0.0554371
972	0
973	0
974	0
975	0.0754883
976	0.179296
977	0.166311
978	0.249467
979	0.190818
980	0.142942
981	0.254325
982	0.0880492
983	0.121243
984	0.173348
985	0
986	0.112131
987	0.247647
988	0.268785
989	0
990	0
991	0.0792064
992	0.0499333
993	0
994	0
995	0
996	0
997	0.0766471
998	0
999	0.103108
1000	0.277186
1001	0
1002	0
1003	0.1154
1004	0.101776
1005	0.0731535
1006	0.257341
1007	0.225103
1008	0.256818
1009	0.179724
1010	0.24848
1011	0.253057
1012	0.203207
1013	0.166311
1014	0.0593705
1015	0.0970296
1016	0.19213
1017	0.211105
1018	0.181
1019	0
1020	0.242681
1021	0
1022	0
1023	0
1024	0.0962446
1025	0
1026	0.0980047
1027	0.152818
1028	0.257308
1029	0
1030	0.26263
1031	0.271703
1032	0.231289
1033	0.227812
1034	0.186792
1035	0.231289
1036	0.114222
1037	0.272992
1038	0.0717608
1039	0.0554371
1040	0.110874
1041	0
1042	0.0749826
1043	0.221018
1044	0.168979
1045	0.100816
1046	0.0675322
1047	0.0822761
1048	0
1049	0
1050	0.28441
1051	0.250064
1052	0.0924769
1053	0.220933
1054	0.156615
1055	0.277186
1056	0
1057	0.221749
1058	0.277186
1059	0.267291
1060	0.205802
1061	0.259897
1062	0.256973
1063	0
1064	0.231289
1065	0.0675029
1066	0.239621
1067	0.211105
1068	0.115074
1069	0.1713
1070	0.130787
1071	0.277186
1072	0
1073	0
1074	0
1075	0
1076	0.257725
1077	0.140253
1078	0.183723
1079	0.138867
1080	0.137784
1081	0.0831557
1082	0.19705
1083	0.255774
1084	0.28441
1085	0
1086	0.0764274
1087	0
1088	0.074813
1089	0
1090	0
1091	0
1092	0
1093	0.147594
1094	0.211105
1095	0
1096	0
1097	0
1098	0.162005
1099	0.0499333
1100	0
1101	0
1102	0.0844718
1103	0
1104	0.0789929
1105	0.0683017
1106	0.0499333
1107	0
1108	0.231289
1109	0
1110	0
1111	0.221749
1112	0.196455
1113	0.111235
1114	0.172851
1115	0
1116	0.280054
1117	0.0554371
1118	0.110874
1119	0
1120	0.26061
1121	0.264863
1122	0
1123	0.243173
1124	0
1125	0.180007
1126	0
1127	0.277186
1128	0.167921
1129	0.262347
1130	0.157504
1131	0.172442
1132	0
1133	0
1134	0
1135	0
1136	0.0894045
1137	0
1138	0
1139	0.155117
1140	0
1141	0.277186
1142	0
1143	0
1144	0
1145	0.266799
1146	0.178693
1147	0
1148	0
1149	0
1150	0
1151	0.0499333
1152	0
1153	0
1154	0
1155	0
1156	0
1157	0.278267
1158	0
1159	0
1160	0.115074
1161	0
1162	0
1163	0
1164	0
1165	0.961585
1166	0.849874
1167	0.961585
1168	0.961585
1169	0.961585
1170	0.961585
1171	0.852925
1172	0.878097
1173	0.861722
1174	0.961585
1175	0.961585
1176	0.961585
1177	0.7117
1178	0.811386
1179	0.847812
1180	0.854592
1181	0.709841
1182	0.674794
1183	0.627559
1184	0.770972
1185	0.847364
1186	0.961585
1187	0.858825
1188	0.867179
1189	0.961585
1190	0.961585
1191	0.961585
1192	0.85471
1193	0.695149
1194	0.81647
1195	0.657923
1196	0.757129
1197	0.636017
1198	0.717378
1199	0.737967
1200	0.667665
1201	0.674752
1202	0.748645
1203	0.703858
1204	0.629564
1205	0.833152
1206	0.961585
1207	0.868979
1208	0.854267
1209	0.644798
1210	0.680793
1211	0.642022
1212	0.855115
1213	0.961585
1214	0.961585
1215	0.961585
1216	0.846115
1217	0.694737
1218	0.767532
1219	0.75027
1220	0.68757
1221	0.625218
1222	0.628251
1223	0.761823
1224	0.757305
1225	0.765602
1226	0.888259
1227	0.63606
1228	0.650409
1229	0.82498
1230	0.855115
1231	0.849874
1232	0.882368
1233	0.680635
1234	0.798752
1235	0.748645
1236	0.745429
1237	0.66215
1238	0.642174
1239	0.961585
1240	0.961585
1241	0.848241
1242	0.874343
1243	0.860872
1244	0.824838
1245	0.774079
1246	0.819656
1247	0.961585
1248	0.756515
1249	0.748645
1250	0.642174
1251	0.642174
1252	0.961585
1253	0.961585
1254	0.849874
1255	0.961585
1256	0.837455
1257	0.961585
1258	0.961585
1259	0.602413
1260	0.705737
1261	0.664025
1262	0.648056
1263	0.961585
1264	0.961585
1265	0.961585
1266	0.739999
1267	0.679279
1268	0.847985
1269	0.85689
1270	0.961585
1271	0.961585
1272	0.855115
1273	0.961585
1274	0.961585
1275	0.820122
1276	0.680598
1277	0.632547
1278	0.632123
1279	0.859884
1280	0.850888
1281	0.879878
1282	0.829804
1283	0.961585
1284	0.961585
1285	0.961585
1286	0.824252
1287	0.723319
1288	0.771948
1289	0.841318
1290	0.748645
1291	0.725001
1292	0.820395
1293	0.961585
1294	0.64182
1295	0.618743
1296	0.718613
1297	0.69727
1298	0.784341
1299	0.748645
1300	0.671967
1301	0.706751
1302	0.748645
1303	0.827956
1304	0.645479
1305	0.780667
1306	0.855115
1307	0.961585
1308	0.846538
1309	0.654465
1310	0.748645
1311	0.706559
1312	0.793644
1313	0.775825
1314	0.855115
1315	0.961585
1316	0.870833
1317	0.961585
1318	0.856416
1319	0.871471
1320	0.748645
1321	0.626898
1322	0.687771
1323	0.847671
1324	0.633763
1325	0.666824
1326	0.623444
1327	0.692609
1328	0.664339
1329	0.684581
1330	0.802408
1331	0.836814
1332	0.770644
1333	0.874328
1334	0.637309
1335	0.677986
1336	0.6398
1337	0.748645
1338	0.868151
1339	0.961585
1340	0.831941
1341	0.871544
1342	0.814894
1343	0.788047
1344	0.66215
1345	0.614835
1346	0.961585
1347	0.961585
1348	0.836448
1349	0.63971
1350	0.693856
1351	0.748645
1352	0.816352
1353	0.863984
1354	0.961585
1355	0.859507
1356	0.650182
1357	0.63126
1358	0.795158
1359	0.602894
1360	0.653732
1361	0.699053
1362	0.961585
1363	0.861585
1364	0.681181
1365	0.961585
1366	0.642174
1367	0.787731
1368	0.741178
1369	0.593941
1370	0.642174
1371	0.841917
1372	0.961585
1373	0.844145
1374	0.628465
1375	0.961585
1376	0.878161
1377	0.868228
1378	0.80524
1379	0.961585
1380	0.961585
1381	0.625482
1382	0.875834
1383	0.619128
1384	0.961585
1385	0.849318
1386	0.961585
1387	0.961585
1388	0.633086
1389	0.65468
1390	0.638676
1391	0.961585
1392	0.827606
1393	0.857607
1394	0.961585
1395	0.961585
1396	0.961585
1397	0.866691
1398	0.961585
1399	0.838902
1400	0.961585
1401	0.961585
1402	0.716176
1403	0.624212
1404	0.863546
1405	0.80736
1406	0.846538
1407	0.786762
1408	0.827361
1409	0.642174
1410	0.644798
1411	0.818572
1412	0.636061
1413	0.710056
1414	0.961585
1415	0.961585
1416	0.800824
1417	0.654991
1418	0.810343
1419	0.748645
1420	0.846914
1421	0.961585
1422	0.961585
1423	0.961585
1424	0.705737
1425	0.732641
1426	0.794795
1427	0.740071
1428	0.872084
1429	0.61453
1430	0.668095
1431	0.628037
1432	0.789469
1433	0.801583
1434	0.658827
1435	0.758532
1436	0.79993
1437	0.961585
1438	0.835139
1439	0.858411
1440	0.961585
1441	0.868311
1442	0.748645
1443	0.790538
1444	0.664443
1445	0.961585
1446	0.961585
1447	0.961585
1448	0.961585
1449	0.826542
1450	0.961585
1451	0.893655
1452	0.884921
1453	0.961585
1454	0.961585
1455	0.82025
1456	0.856257
1457	0.72122
1458	0.671411
1459	0.961585
1460	0.961585
1461	0.961585
1462	0.854098
1463	0.638192
1464	0.637931
1465	0.633279
1466	0.634435
1467	0.707978
1468	0.710527
1469	0.615353
1470	0.668511
1471	0.653033
1472	0.716716
1473	0.645736
1474	0.636406
1475	0.855115
1476	0.961585
1477	0.848377
1478	0.631912
1479	0.961585
1480	0.861069
1481	0.961585
1482	0.738977
1483	0.612951
1484	0.635576
1485	0.869745
1486	0.744434
1487	0.665663
1488	0.961585
1489	0.961585
1490	0.853709
1491	0.720536
1492	0.648677
1493	0.768578
1494	0.602413
1495	0.761823
1496	0.868551
1497	0.645329
1498	0.808491
1499	0.810848
1500	0.71111
1501	0.748645
1502	0.85625
1503	0.626898
1504	0.846914
1505	0.961585
1506	0.867074
1507	0.961585
1508	0.961585
1509	0.961585
1510	0.855962
1511	0.961585
1512	0.8645
1513	0.961585
1514	0.664025
1515	0.961585
1516	0.861716
1517	0.961585
1518	0.897917
1519	0.866843
1520	0.639987
1521	0.748645
1522	0.775198
1523	0.651318
1524	0.849987
1525	0.961585
1526	0.961585
1527	0.652228
1528	0.961585
1529	0.961585
1530	0.861069
1531	0.961585
1532	0.761867
1533	0.63875
1534	0.961585
1535	0.961585
1536	0.658719
1537	0.638634
1538	0.669511
1539	0.723694
1540	0.7732
1541	0.625795
1542	0.740207
1543	0.813098
1544	0.659723
1545	0.692425
1546	0.630474
1547	0.691768
1548	0.961585
1549	0.86741
1550	0.961585
1551	0.693616
1552	0.640348
1553	0.961585
1554	0.871301
1555	0.644126
1556	0.748645
1557	0.621922
1558	0.852421
1559	0.961585
1560	0.961585
1561	0.961585
1562	0.961585
1563	0.858873
1564	0.859621
1565	0.858138
1566	0.852447
1567	0.837455
1568	0.859621
1569	0.961585
1570	0.866371
1571	0.961585
1572	0.853167
1573	0.961585
1574	0.961585
1575	0.796276
1576	0.8833
1577	0.961585
1578	0.961585
1579	0.961585
1580	0.961585
1581	0.756515
1582	0.874092
1583	0.653813
1584	0.62377
1585	0.767856
1586	0.641696
1587	0.650509
1588	0.961585
1589	0.961585
1590	0.697273
1591	0.680598
1592	0.786461
1593	0.961585
1594	0.961585
1595	0.961585
1596	0.756515
1597	0.845547
1598	0.861965
1599	0.778659
1600	0.748645
1601	0.961585
1602	0.631375
1603	0.961585
1604	0.961585
1605	0.859224
1606	0.71424
1607	0.653813
1608	0.961585
1609	0.635781
1610	0.760651
1611	0.626066
1612	0.961585
1613	0.961585
1614	0.824252
1615	0.635639
1616	0.961585
1617	0.961585
1618	0.642174
1619	0.855115
1620	0.961585
1621	0.644798
1622	0.961585
1623	0.621405
1624	0.642174
1625	0.961585
1626	0.961585
1627	0.630529
1628	0.961585
1629	0.862973
1630	0.748645
1631	0.767856
1632	0.961585
1633	0.855115
1634	0.790538
1635	0.7633
1636	0.961585
1637	0.683192
1638	0.961585
1639	0.779303
1640	0.961585
1641	0.961585
1642	0.961585
1643	0.693317
1644	0.961585
1645	0.877285
1646	0.961585
1647	0.748645
1648	0.873498
1649	0.961585
1650	0.961585
1651	0.961585
1652	0.961585
1653	0.961585
1654	0.961585
1655	0.961585
1656	0.961585
1657	0.961585

