Size	global =  1658
#	Value
0	-0.361016
1	-0.361016
2	-0.214863
3	-0.252062
4	-0.361016
5	-0.249257
6	-0.361016
7	-0.245408
8	-0.361016
9	-0.361016
10	-0.361016
11	-0.19651
12	-0.361016
13	-0.208925
14	-0.249257
15	-0.248179
16	0.0860198
17	-0.0574469
18	-0.0194404
19	0.0860198
20	0.0860198
21	-0.0696595
22	-0.00239522
23	-0.0133692
24	-0.361016
25	-0.361016
26	-0.233924
27	-0.251872
28	-0.0581344
29	-0.0446918
30	-0.0905749
31	-0.156676
32	-0.0301583
33	-0.113295
34	-0.0144205
35	-0.361016
36	-0.247767
37	-0.255802
38	-0.224739
39	-0.361016
40	-0.272859
41	-0.248995
42	-0.186328
43	-0.0442762
44	-0.172257
45	-0.182536
46	-0.0653483
47	-0.361016
48	-0.361016
49	-0.361016
50	-0.259308
51	-0.361016
52	-0.361016
53	-0.205272
54	-0.251924
55	-0.242166
56	-0.361016
57	-0.268897
58	-0.218071
59	-0.224676
60	-0.164575
61	-0.178447
62	0.0860198
63	0.0860198
64	-0.0297224
65	-0.0361753
66	0.0860198
67	0.0860198
68	0.0860198
69	-0.0134082
70	-0.0253816
71	-0.0992687
72	-0.0973247
73	-0.0185934
74	-0.0111444
75	-0.242618
76	-0.0829339
77	-0.0342374
78	-0.160198
79	-0.361016
80	-0.361016
81	-0.361016
82	-0.287921
83	-0.220715
84	-0.361016
85	-0.255884
86	-0.180711
87	-0.138598
88	-0.168934
89	-0.226194
90	-0.184676
91	-0.226807
92	-0.119136
93	-0.170943
94	-0.162247
95	-0.361016
96	-0.254376
97	-0.361016
98	-0.27553
99	-0.246503
100	-0.361016
101	-0.361016
102	-0.361016
103	0.0860198
104	0.0860198
105	0.0860198
106	0.02266
107	-0.093523
108	-0.241873
109	-0.0637606
110	-0.141815
111	-0.278161
112	-0.137498
113	-0.248159
114	-0.259571
115	-0.248665
116	-0.361016
117	-0.180985
118	-0.269404
119	-0.0298869
120	0.0860198
121	0.0860198
122	0.0860198
123	0.0860198
124	-0.0274982
125	0.0860198
126	-0.361016
127	-0.361016
128	-0.361016
129	-0.245441
130	-0.0257391
131	0.0860198
132	-0.137498
133	-0.0257391
134	-0.0581344
135	-0.208925
136	-0.117332
137	-0.073763
138	-0.00644242
139	-0.0566354
140	0.00104869
141	-0.112241
142	-0.361016
143	-0.361016
144	-0.361016
145	0.0860198
146	-0.0235517
147	-0.0407906
148	-0.0141437
149	-0.169069
150	-0.152795
151	-0.233245
152	-0.0989656
153	-0.361016
154	-0.034347
155	-0.067436
156	-0.033141
157	-0.206944
158	-0.361016
159	-0.240775
160	-0.191085
161	-0.361016
162	-0.229588
163	-0.019489
164	0.0860198
165	0.00158342
166	-0.361016
167	-0.252412
168	-0.273192
169	0.00809628
170	-0.0312402
171	-0.0703421
172	-0.0805183
173	0.0860198
174	0.0860198
175	-0.361016
176	-0.361016
177	-0.266365
178	-0.239496
179	-0.0272288
180	-0.137498
181	-0.109416
182	-0.00616344
183	-0.253039
184	-0.361016
185	-0.361016
186	0.0860198
187	0.0860198
188	-0.0188031
189	0.0860198
190	-0.361016
191	-0.361016
192	-0.248156
193	-0.361016
194	-0.269139
195	-0.270218
196	-0.27679
197	-0.361016
198	-0.237643
199	-0.213239
200	-0.070817
201	-0.107108
202	-0.173272
203	-0.361016
204	-0.234211
205	0.0860198
206	-0.00766495
207	-0.0110612
208	-0.254376
209	-0.265292
210	-0.122115
211	-0.131572
212	-0.361016
213	-0.361016
214	-0.265292
215	-0.361016
216	-0.361016
217	0.0860198
218	0.0860198
219	-0.0186285
220	-0.230347
221	-0.257306
222	-0.103967
223	-0.361016
224	-0.361016
225	-0.361016
226	-0.361016
227	0.0860198
228	0.0860198
229	0.0860198
230	0.0860198
231	0.0860198
232	-0.00541725
233	-0.0320059
234	-0.0543647
235	0.0860198
236	-0.0473541
237	0.0860198
238	-0.00103554
239	-0.361016
240	-0.201994
241	-0.195046
242	0.0860198
243	0.0860198
244	-0.0312402
245	-0.0192477
246	-0.137498
247	-0.129237
248	-0.0312402
249	-0.0622536
250	-0.361016
251	-0.361016
252	-0.361016
253	-0.361016
254	-0.361016
255	-0.242291
256	-0.265739
257	-0.361016
258	-0.361016
259	-0.361016
260	-0.19651
261	-0.251677
262	-0.115851
263	-0.120536
264	-0.254961
265	-0.234936
266	-0.143553
267	-0.0262967
268	-0.164575
269	-0.0239348
270	0.0860198
271	-0.0440083
272	-0.0666
273	-0.146339
274	-0.091572
275	-0.0948805
276	-0.0880671
277	-0.0302497
278	-0.361016
279	-0.201395
280	0.0860198
281	0.0860198
282	-0.0194891
283	-0.203537
284	-0.0605323
285	-0.057467
286	-0.110292
287	0.0860198
288	0.0860198
289	0.0860198
290	-0.0167981
291	-0.0180965
292	0.0860198
293	0.0860198
294	-0.011414
295	-0.0599493
296	-0.117332
297	-0.149339
298	-0.237041
299	-0.270613
300	-0.0381359
301	-0.248234
302	-0.264539
303	-0.151786
304	0.0860198
305	-0.00807816
306	0.0860198
307	0.0860198
308	-0.00457606
309	-0.239619
310	-0.201395
311	-0.0194891
312	0.0860198
313	0.00426887
314	0.0860198
315	0.0860198
316	0.0860198
317	0.00223846
318	-0.21993
319	-0.137498
320	-0.361016
321	-0.361016
322	-0.211695
323	-0.174092
324	-0.221293
325	-0.361016
326	0.0860198
327	-0.221342
328	-0.361016
329	-0.361016
330	-0.23753
331	-0.361016
332	-0.260164
333	0.0860198
334	0.0860198
335	-0.0600555
336	0.0860198
337	0.0860198
338	-0.00606602
339	-0.0581344
340	-0.0262967
341	-0.137498
342	-0.129237
343	-0.249257
344	0.0860198
345	-0.361016
346	-0.361016
347	-0.278179
348	-0.265791
349	-0.0200863
350	-0.0183373
351	0.0860198
352	-0.361016
353	-0.361016
354	-0.196309
355	-0.025739
356	0.0860198
357	0.0860198
358	-0.025739
359	0.0860198
360	0.0860198
361	-0.0208421
362	-0.137164
363	-0.0196681
364	0.0860198
365	0.0860198
366	-0.0395922
367	-0.0244942
368	-0.121428
369	-0.0557644
370	-0.0144622
371	-0.361016
372	-0.361016
373	-0.361016
374	-0.0712719
375	-0.0715538
376	0.0860198
377	-0.361016
378	-0.361016
379	-0.0293691
380	-0.252257
381	0.0860198
382	0.00856697
383	-0.120036
384	-0.105915
385	-0.161579
386	-0.123163
387	-0.361016
388	-0.274929
389	-0.270049
390	-0.0259724
391	-0.361016
392	-0.174427
393	-0.034347
394	-0.0982724
395	0.0860198
396	0.0860198
397	0.000830928
398	-0.361016
399	-0.0178288
400	0.0860198
401	0.0860198
402	-0.00997725
403	-0.361016
404	-0.265292
405	-0.0395922
406	-0.137498
407	0.0860198
408	-0.270866
409	-0.216194
410	-0.361016
411	-0.361016
412	-0.150786
413	-0.361016
414	-0.361016
415	-0.0984478
416	-0.00394109
417	-0.361016
418	-0.361016
419	-0.156877
420	-0.361016
421	-0.249257
422	-0.249257
423	-0.111277
424	0.0860198
425	-0.0137921
426	0.0860198
427	-0.028996
428	-0.0211327
429	-0.0667809
430	-0.361016
431	-0.361016
432	-0.137498
433	0.0860198
434	0.0860198
435	0.0860198
436	0.0860198
437	0.0860198
438	0.0860198
439	-0.361016
440	-0.361016
441	-0.246503
442	0.0860198
443	0.0860198
444	0.0860198
445	-0.0140252
446	-0.361016
447	0.0860198
448	-0.246503
449	-0.249257
450	-0.191566
451	-0.265837
452	-0.361016
453	-0.252257
454	-0.279623
455	0.0860198
456	-0.00381917
457	-0.361016
458	-0.0603772
459	-0.137498
460	-0.206981
461	0.00509452
462	-0.0271435
463	0.0860198
464	-0.290993
465	-0.252412
466	-0.283987
467	-0.249257
468	-0.249257
469	-0.361016
470	-0.137498
471	-0.237125
472	0.0860198
473	0.0860198
474	-0.361016
475	0.0860198
476	0.0860198
477	-0.264549
478	-0.173854
479	-0.273342
480	-0.110044
481	-0.361016
482	-0.361016
483	-0.220494
484	-0.266765
485	-0.361016
486	-0.265292
487	0.0860198
488	0.0860198
489	0.0860198
490	-0.361016
491	0.0860198
492	-0.361016
493	-0.137498
494	-0.0210346
495	0.0860198
496	0.0860198
497	-0.238987
498	-0.0328738
499	0.0860198
500	-0.0251656
501	-0.361016
502	-0.361016
503	-0.361016
504	-0.0106877
505	-0.093523
506	-0.00903069
507	0.0860198
508	-0.361016
509	-0.361016
510	-0.361016
511	-0.361016
512	-0.361016
513	-0.0584836
514	-0.361016
515	-0.0272146
516	-0.0162737
517	-0.237041
518	-0.223648
519	0.0860198
520	-0.0226767
521	-0.361016
522	-0.361016
523	-0.361016
524	-0.267178
525	-0.137498
526	-0.361016
527	-0.361016
528	0.0860198
529	-0.137498
530	0.0860198
531	-0.0060829
532	0.0860198
533	0.0860198
534	-0.0459881
535	-0.166999
536	-0.129237
537	-0.136586
538	-0.361016
539	-0.00644241
540	-0.117332
541	-0.228289
542	-0.0205218
543	-0.0684422
544	-0.0135527
545	-0.12746
546	-0.361016
547	-0.0140252
548	0.0860198
549	0.0860198
550	-0.137498
551	0.0860198
552	0.0860198
553	-0.361016
554	-0.361016
555	-0.137498
556	0.0860198
557	0.0860198
558	0.0860198
559	-0.115739
560	-0.159457
561	0.0860198
562	-0.118791
563	0.0860198
564	0.0860198
565	0.0860198
566	-0.208925
567	-0.182536
568	-0.137498
569	-0.034347
570	-0.0827949
571	-0.172257
572	-0.0225034
573	-0.0257391
574	-0.361016
575	0.0860198
576	-0.361016
577	0.00318311
578	0.0860198
579	0.0860198
580	0.0860198
581	0.0860198
582	0.0860198
583	-0.176281
584	-0.0360551
585	0.0860198
586	0.0860198
587	0.0860198
588	0.0860198
589	-0.0065737
590	0.0860198
591	-0.0257391
592	-0.153719
593	-0.268701
594	-0.361016
595	0.0860198
596	-0.0442762
597	-0.122115
598	-0.361016
599	-0.361016
600	0.0860198
601	-0.361016
602	-0.251476
603	-0.361016
604	0.0860198
605	0.0860198
606	0.0860198
607	0.0860198
608	-0.361016
609	-0.361016
610	-0.361016
611	0.0860198
612	0.0860198
613	-0.133379
614	-0.265292
615	0.0860198
616	-0.137498
617	-0.361016
618	-0.361016
619	-0.290993
620	-0.361016
621	-0.361016
622	0.0860198
623	0.0860198
624	-0.0257391
625	-0.361016
626	0.0860198
627	-0.361016
628	-0.361016
629	-0.361016
630	-0.228289
631	-0.361016
632	-0.137498
633	-0.157014
634	0.0860198
635	0.0860198
636	-0.0272146
637	0.0860198
638	-0.0360551
639	-0.361016
640	-0.361016
641	-0.265196
642	-0.361016
643	0.0860198
644	-0.0298869
645	0.0860198
646	0.0860198
647	-0.0257391
648	0.0860198
649	0.0860198
650	0.0860198
651	-0.272236
652	-0.272076
653	-0.235831
654	-0.082999
655	-0.0812532
656	-0.18654
657	-0.0673418
658	-0.283498
659	-0.1965
660	-0.1824
661	-0.201981
662	-0.2716
663	0
664	0
665	0
666	-0.0590748
667	0
668	0
669	-0.096963
670	-0.0957818
671	0
672	0
673	-0.0924365
674	-0.0748639
675	0
676	0
677	-0.087187
678	-0.0692872
679	0
680	-0.0911595
681	0
682	-0.0915753
683	-0.278918
684	-0.213503
685	-0.290806
686	-0.18534
687	-0.216441
688	-0.275552
689	-0.190862
690	-0.130657
691	-0.0631121
692	-0.286171
693	-0.278212
694	-0.291075
695	-0.139877
696	-0.233725
697	-0.250606
698	-0.0970361
699	-0.274256
700	-0.295855
701	-0.287575
702	-0.114673
703	0
704	-0.0819683
705	-0.0749063
706	-0.10773
707	-0.112303
708	-0.171232
709	-0.0737098
710	-0.239441
711	-0.30202
712	-0.284274
713	-0.293662
714	-0.192796
715	-0.256964
716	-0.269446
717	-0.136715
718	-0.149917
719	-0.219756
720	-0.0718305
721	-0.180508
722	-0.122757
723	-0.258829
724	-0.281905
725	-0.228271
726	-0.208423
727	0
728	-0.0730407
729	-0.134534
730	-0.139877
731	-0.11874
732	-0.206282
733	0
734	0
735	0
736	-0.0925235
737	-0.0568842
738	-0.101609
739	-0.179545
740	-0.161061
741	-0.108561
742	-0.231084
743	-0.104229
744	0
745	-0.0906545
746	-0.0742271
747	0
748	0
749	-0.266375
750	-0.180508
751	-0.180543
752	-0.280961
753	-0.251815
754	-0.249106
755	-0.299843
756	-0.0707825
757	-0.161653
758	-0.195065
759	-0.274659
760	-0.269691
761	-0.247154
762	-0.251032
763	-0.160192
764	-0.139877
765	-0.104986
766	-0.256643
767	-0.139877
768	-0.0970361
769	-0.162246
770	-0.169525
771	-0.203974
772	-0.131686
773	0
774	-0.0917702
775	-0.109744
776	-0.270221
777	-0.302125
778	-0.205683
779	-0.281546
780	-0.086073
781	-0.104893
782	-0.160192
783	-0.120339
784	-0.0601693
785	-0.160192
786	-0.206709
787	-0.242561
788	-0.290593
789	-0.270039
790	-0.251032
791	-0.229125
792	-0.277555
793	-0.0922188
794	-0.180508
795	-0.13453
796	-0.162436
797	0
798	-0.255895
799	-0.0899281
800	0
801	0
802	-0.264095
803	-0.271266
804	0
805	0
806	-0.0970361
807	-0.191364
808	-0.217249
809	-0.300846
810	-0.240677
811	-0.300846
812	0
813	0
814	-0.0959595
815	-0.208155
816	-0.242356
817	-0.224533
818	-0.304131
819	-0.0601693
820	0
821	0
822	-0.308688
823	-0.264936
824	-0.229763
825	-0.261631
826	-0.167859
827	-0.139877
828	-0.187531
829	-0.229125
830	-0.308688
831	-0.308688
832	0
833	0
834	0
835	-0.0970361
836	-0.2695
837	-0.300198
838	-0.235485
839	-0.0971012
840	-0.219951
841	-0.0823917
842	-0.197081
843	-0.276092
844	-0.229224
845	0
846	-0.100489
847	-0.107086
848	-0.10147
849	-0.183618
850	-0.252613
851	0
852	-0.0829513
853	0
854	-0.122536
855	0
856	-0.0912658
857	-0.0748981
858	-0.251032
859	-0.308688
860	-0.244318
861	-0.282319
862	-0.277145
863	0
864	-0.10699
865	0
866	0
867	-0.229125
868	-0.201081
869	0
870	-0.100665
871	-0.0851381
872	-0.308688
873	-0.291979
874	-0.272444
875	-0.255704
876	-0.180508
877	-0.107313
878	-0.104904
879	-0.130872
880	-0.160192
881	-0.160192
882	-0.240677
883	-0.225507
884	-0.0970361
885	-0.0973661
886	-0.236154
887	-0.229125
888	-0.267155
889	-0.110915
890	-0.128574
891	0
892	-0.131962
893	-0.0776899
894	-0.121703
895	0
896	0
897	-0.260724
898	-0.162423
899	0
900	-0.273746
901	-0.291034
902	-0.195959
903	-0.288473
904	0
905	-0.0541957
906	-0.0905182
907	-0.0541956
908	-0.139877
909	-0.0889476
910	-0.29322
911	-0.0918358
912	0
913	0
914	-0.168563
915	-0.213224
916	-0.105269
917	-0.184143
918	-0.100517
919	0
920	0
921	0
922	0
923	-0.0514372
924	0
925	0
926	-0.120339
927	-0.0601693
928	-0.0601693
929	-0.0955651
930	-0.139877
931	-0.0541956
932	-0.257337
933	-0.186024
934	0
935	-0.257139
936	-0.105269
937	0
938	0
939	0
940	-0.0804703
941	-0.240481
942	0
943	0
944	-0.236285
945	-0.280834
946	0
947	0
948	0
949	0
950	0
951	-0.0601693
952	0
953	0
954	0
955	0
956	-0.0848475
957	-0.24021
958	-0.1824
959	-0.216043
960	-0.186621
961	-0.179733
962	-0.283499
963	-0.293689
964	-0.160192
965	0
966	0
967	-0.0907635
968	-0.306754
969	0
970	0
971	-0.0601693
972	0
973	0
974	0
975	-0.0819321
976	-0.1946
977	-0.180508
978	-0.270762
979	-0.207107
980	-0.155143
981	-0.276034
982	-0.0955651
983	-0.131592
984	-0.188145
985	0
986	-0.121703
987	-0.268786
988	-0.291729
989	0
990	0
991	-0.0859675
992	-0.0541957
993	0
994	0
995	0
996	0
997	-0.0831898
998	0
999	-0.11191
1000	-0.300846
1001	0
1002	0
1003	-0.125251
1004	-0.110464
1005	-0.079398
1006	-0.279308
1007	-0.244318
1008	-0.27874
1009	-0.195065
1010	-0.269691
1011	-0.274659
1012	-0.220553
1013	-0.180508
1014	-0.0644384
1015	-0.105312
1016	-0.208531
1017	-0.229125
1018	-0.19645
1019	0
1020	-0.263396
1021	0
1022	0
1023	0
1024	-0.10446
1025	0
1026	-0.10637
1027	-0.165863
1028	-0.279272
1029	0
1030	-0.285048
1031	-0.294896
1032	-0.251032
1033	-0.247259
1034	-0.202737
1035	-0.251032
1036	-0.123972
1037	-0.296294
1038	-0.0778864
1039	-0.0601693
1040	-0.120339
1041	0
1042	-0.0813832
1043	-0.239885
1044	-0.183403
1045	-0.109422
1046	-0.0732968
1047	-0.0892993
1048	0
1049	0
1050	-0.308688
1051	-0.27141
1052	-0.100371
1053	-0.239792
1054	-0.169984
1055	-0.300846
1056	0
1057	-0.240677
1058	-0.300846
1059	-0.290107
1060	-0.223369
1061	-0.282082
1062	-0.278909
1063	0
1064	-0.251032
1065	-0.073265
1066	-0.260075
1067	-0.229125
1068	-0.124897
1069	-0.185923
1070	-0.141951
1071	-0.300846
1072	0
1073	0
1074	0
1075	0
1076	-0.279725
1077	-0.152226
1078	-0.199406
1079	-0.150721
1080	-0.149545
1081	-0.0902539
1082	-0.213871
1083	-0.277607
1084	-0.308688
1085	0
1086	-0.0829513
1087	0
1088	-0.081199
1089	0
1090	0
1091	0
1092	0
1093	-0.160192
1094	-0.229125
1095	0
1096	0
1097	0
1098	-0.175834
1099	-0.0541957
1100	0
1101	0
1102	-0.0916823
1103	0
1104	-0.0857358
1105	-0.074132
1106	-0.0541957
1107	0
1108	-0.251032
1109	0
1110	0
1111	-0.240677
1112	-0.213224
1113	-0.12073
1114	-0.187605
1115	0
1116	-0.30396
1117	-0.0601693
1118	-0.120339
1119	0
1120	-0.282855
1121	-0.287472
1122	0
1123	-0.263931
1124	0
1125	-0.195372
1126	0
1127	-0.300846
1128	-0.182255
1129	-0.284741
1130	-0.170948
1131	-0.187162
1132	0
1133	0
1134	0
1135	0
1136	-0.0970361
1137	0
1138	0
1139	-0.168358
1140	0
1141	-0.300846
1142	0
1143	0
1144	0
1145	-0.289573
1146	-0.193946
1147	0
1148	0
1149	0
1150	0
1151	-0.0541957
1152	0
1153	0
1154	0
1155	0
1156	0
1157	-0.30202
1158	0
1159	0
1160	-0.124897
1161	0
1162	0
1163	0
1164	0
1165	0.146519
1166	0.13065
1167	0.146519
1168	0.146519
1169	0.146519
1170	0.146519
1171	0.131083
1172	0.134659
1173	0.132333
1174	0.146519
1175	0.146519
1176	0.146519
1177	0.111021
1178	0.125182
1179	0.130357
1180	0.13132
1181	0.110757
1182	0.105779
1183	0.0990684
1184	0.119441
1185	0.130293
1186	0.146519
1187	0.131922
1188	0.133108
1189	0.146519
1190	0.146519
1191	0.146519
1192	0.131337
1193	0.10867
1194	0.125905
1195	0.103382
1196	0.117475
1197	0.10027
1198	0.111828
1199	0.114753
1200	0.104766
1201	0.105773
1202	0.11627
1203	0.109907
1204	0.0993533
1205	0.128274
1206	0.146519
1207	0.133364
1208	0.131274
1209	0.101517
1210	0.106631
1211	0.101123
1212	0.131394
1213	0.146519
1214	0.146519
1215	0.146519
1216	0.130116
1217	0.108612
1218	0.118953
1219	0.1165
1220	0.107593
1221	0.0987359
1222	0.0991668
1223	0.118142
1224	0.1175
1225	0.118679
1226	0.136103
1227	0.100276
1228	0.102314
1229	0.127114
1230	0.131394
1231	0.13065
1232	0.135266
1233	0.106608
1234	0.123388
1235	0.11627
1236	0.115813
1237	0.103982
1238	0.101145
1239	0.146519
1240	0.146519
1241	0.130418
1242	0.134126
1243	0.132212
1244	0.127093
1245	0.119883
1246	0.126357
1247	0.146519
1248	0.117388
1249	0.11627
1250	0.101145
1251	0.101145
1252	0.146519
1253	0.146519
1254	0.13065
1255	0.146519
1256	0.128886
1257	0.146519
1258	0.146519
1259	0.0954963
1260	0.110174
1261	0.104249
1262	0.10198
1263	0.146519
1264	0.146519
1265	0.146519
1266	0.115041
1267	0.106416
1268	0.130382
1269	0.131647
1270	0.146519
1271	0.146519
1272	0.131394
1273	0.146519
1274	0.146519
1275	0.126424
1276	0.106603
1277	0.099777
1278	0.0997169
1279	0.132072
1280	0.130794
1281	0.134912
1282	0.127799
1283	0.146519
1284	0.146519
1285	0.146519
1286	0.12701
1287	0.112672
1288	0.11958
1289	0.129435
1290	0.11627
1291	0.112911
1292	0.126462
1293	0.146519
1294	0.101094
1295	0.0978161
1296	0.112003
1297	0.108971
1298	0.12134
1299	0.11627
1300	0.105377
1301	0.110318
1302	0.11627
1303	0.127536
1304	0.101614
1305	0.120819
1306	0.131394
1307	0.146519
1308	0.130176
1309	0.102891
1310	0.11627
1311	0.110291
1312	0.122662
1313	0.120131
1314	0.131394
1315	0.146519
1316	0.133627
1317	0.146519
1318	0.131579
1319	0.133718
1320	0.11627
1321	0.0989746
1322	0.107622
1323	0.130337
1324	0.0999498
1325	0.104646
1326	0.0984839
1327	0.108309
1328	0.104293
1329	0.107169
1330	0.123907
1331	0.128795
1332	0.119395
1333	0.134124
1334	0.100453
1335	0.106232
1336	0.100807
1337	0.11627
1338	0.133246
1339	0.146519
1340	0.128103
1341	0.133728
1342	0.125681
1343	0.121867
1344	0.103982
1345	0.0972609
1346	0.146519
1347	0.146519
1348	0.128743
1349	0.100795
1350	0.108486
1351	0.11627
1352	0.125888
1353	0.132654
1354	0.146519
1355	0.132018
1356	0.102282
1357	0.0995942
1358	0.122877
1359	0.0955646
1360	0.102787
1361	0.109225
1362	0.146519
1363	0.132314
1364	0.106686
1365	0.146519
1366	0.101145
1367	0.121822
1368	0.115209
1369	0.0942928
1370	0.101145
1371	0.12952
1372	0.146519
1373	0.129836
1374	0.0991971
1375	0.146519
1376	0.134668
1377	0.133257
1378	0.124309
1379	0.146519
1380	0.146519
1381	0.0987734
1382	0.134338
1383	0.0978708
1384	0.146519
1385	0.130571
1386	0.146519
1387	0.146519
1388	0.0998535
1389	0.102921
1390	0.100648
1391	0.146519
1392	0.127487
1393	0.131749
1394	0.146519
1395	0.146519
1396	0.146519
1397	0.133039
1398	0.146519
1399	0.129091
1400	0.146519
1401	0.146519
1402	0.111657
1403	0.098593
1404	0.132592
1405	0.12461
1406	0.130176
1407	0.121684
1408	0.127452
1409	0.101145
1410	0.101517
1411	0.126203
1412	0.100276
1413	0.110788
1414	0.146519
1415	0.146519
1416	0.123682
1417	0.102965
1418	0.125034
1419	0.11627
1420	0.130229
1421	0.146519
1422	0.146519
1423	0.146519
1424	0.110174
1425	0.113996
1426	0.122826
1427	0.115052
1428	0.133805
1429	0.0972176
1430	0.104827
1431	0.0991364
1432	0.122069
1433	0.12379
1434	0.10351
1435	0.117674
1436	0.123555
1437	0.146519
1438	0.128557
1439	0.131863
1440	0.146519
1441	0.133269
1442	0.11627
1443	0.122221
1444	0.104308
1445	0.146519
1446	0.146519
1447	0.146519
1448	0.146519
1449	0.127336
1450	0.146519
1451	0.136869
1452	0.135629
1453	0.146519
1454	0.146519
1455	0.126442
1456	0.131557
1457	0.112374
1458	0.105298
1459	0.146519
1460	0.146519
1461	0.146519
1462	0.13125
1463	0.100579
1464	0.100542
1465	0.099881
1466	0.100045
1467	0.110493
1468	0.110855
1469	0.0973344
1470	0.104886
1471	0.102687
1472	0.111734
1473	0.101651
1474	0.100325
1475	0.131394
1476	0.146519
1477	0.130437
1478	0.0996869
1479	0.146519
1480	0.13224
1481	0.146519
1482	0.114896
1483	0.0969932
1484	0.100207
1485	0.133473
1486	0.115671
1487	0.104481
1488	0.146519
1489	0.146519
1490	0.131195
1491	0.112277
1492	0.102068
1493	0.119101
1494	0.0954963
1495	0.118142
1496	0.133303
1497	0.101593
1498	0.124771
1499	0.125106
1500	0.110937
1501	0.11627
1502	0.131556
1503	0.0989746
1504	0.13023
1505	0.146519
1506	0.133093
1507	0.146519
1508	0.146519
1509	0.146519
1510	0.131515
1511	0.146519
1512	0.132728
1513	0.146519
1514	0.104249
1515	0.146519
1516	0.132332
1517	0.146519
1518	0.137475
1519	0.133061
1520	0.100834
1521	0.11627
1522	0.120042
1523	0.102444
1524	0.130666
1525	0.146519
1526	0.146519
1527	0.102573
1528	0.146519
1529	0.146519
1530	0.13224
1531	0.146519
1532	0.118148
1533	0.100658
1534	0.146519
1535	0.146519
1536	0.103495
1537	0.100642
1538	0.105028
1539	0.112725
1540	0.119758
1541	0.0988179
1542	0.115071
1543	0.125426
1544	0.103638
1545	0.108283
1546	0.0994826
1547	0.10819
1548	0.146519
1549	0.133141
1550	0.146519
1551	0.108452
1552	0.100885
1553	0.146519
1554	0.133694
1555	0.101422
1556	0.11627
1557	0.0982677
1558	0.131012
1559	0.146519
1560	0.146519
1561	0.146519
1562	0.146519
1563	0.131928
1564	0.132035
1565	0.131824
1566	0.131015
1567	0.128886
1568	0.132035
1569	0.146519
1570	0.132994
1571	0.146519
1572	0.131118
1573	0.146519
1574	0.146519
1575	0.123036
1576	0.135398
1577	0.146519
1578	0.146519
1579	0.146519
1580	0.146519
1581	0.117388
1582	0.13409
1583	0.102798
1584	0.0985301
1585	0.118999
1586	0.101077
1587	0.102329
1588	0.146519
1589	0.146519
1590	0.108972
1591	0.106603
1592	0.121642
1593	0.146519
1594	0.146519
1595	0.146519
1596	0.117388
1597	0.130035
1598	0.132368
1599	0.120533
1600	0.11627
1601	0.146519
1602	0.0996105
1603	0.146519
1604	0.146519
1605	0.131978
1606	0.111382
1607	0.102798
1608	0.146519
1609	0.100236
1610	0.117975
1611	0.0988564
1612	0.146519
1613	0.146519
1614	0.12701
1615	0.100216
1616	0.146519
1617	0.146519
1618	0.101145
1619	0.131394
1620	0.146519
1621	0.101517
1622	0.146519
1623	0.0981943
1624	0.101145
1625	0.146519
1626	0.146519
1627	0.0994904
1628	0.146519
1629	0.132511
1630	0.11627
1631	0.118999
1632	0.146519
1633	0.131394
1634	0.122221
1635	0.118351
1636	0.146519
1637	0.106972
1638	0.146519
1639	0.120625
1640	0.146519
1641	0.146519
1642	0.146519
1643	0.10841
1644	0.146519
1645	0.134544
1646	0.146519
1647	0.11627
1648	0.134006
1649	0.146519
1650	0.146519
1651	0.146519
1652	0.146519
1653	0.146519
1654	0.146519
1655	0.146519
1656	0.146519
1657	0.146519

