Size	global =  1658
#	Value
0	0.31469
1	0.31469
2	0.412179
3	0.387366
4	0.31469
5	0.389237
6	0.31469
7	0.391805
8	0.31469
9	0.31469
10	0.31469
11	0.424421
12	0.31469
13	0.41614
14	0.389237
15	0.389956
16	0.61288
17	0.517182
18	0.542534
19	0.61288
20	0.61288
21	0.509036
22	0.553903
23	0.546583
24	0.31469
25	0.31469
26	0.399465
27	0.387493
28	0.516723
29	0.52569
30	0.495084
31	0.450992
32	0.535384
33	0.479929
34	0.545882
35	0.31469
36	0.390231
37	0.384872
38	0.405592
39	0.31469
40	0.373494
41	0.389412
42	0.431213
43	0.525967
44	0.440599
45	0.433742
46	0.511911
47	0.31469
48	0.31469
49	0.31469
50	0.382533
51	0.31469
52	0.31469
53	0.418577
54	0.387458
55	0.393967
56	0.31469
57	0.376137
58	0.410039
59	0.405634
60	0.445723
61	0.43647
62	0.61288
63	0.61288
64	0.535675
65	0.531371
66	0.61288
67	0.61288
68	0.61288
69	0.546557
70	0.538571
71	0.489285
72	0.490582
73	0.543099
74	0.548067
75	0.393666
76	0.500181
77	0.532663
78	0.448643
79	0.31469
80	0.31469
81	0.31469
82	0.363447
83	0.408276
84	0.31469
85	0.384817
86	0.43496
87	0.463051
88	0.442816
89	0.404621
90	0.432315
91	0.404212
92	0.476033
93	0.441476
94	0.447276
95	0.31469
96	0.385822
97	0.31469
98	0.371712
99	0.391074
100	0.31469
101	0.31469
102	0.31469
103	0.61288
104	0.61288
105	0.61288
106	0.570616
107	0.493118
108	0.394163
109	0.51297
110	0.460905
111	0.369957
112	0.463785
113	0.38997
114	0.382357
115	0.389632
116	0.31469
117	0.434777
118	0.375798
119	0.535565
120	0.61288
121	0.61288
122	0.61288
123	0.61288
124	0.537159
125	0.61288
126	0.31469
127	0.31469
128	0.31469
129	0.391783
130	0.538332
131	0.61288
132	0.463785
133	0.538332
134	0.516723
135	0.41614
136	0.477236
137	0.506298
138	0.551204
139	0.517723
140	0.556201
141	0.480632
142	0.31469
143	0.31469
144	0.31469
145	0.61288
146	0.539791
147	0.528292
148	0.546067
149	0.442725
150	0.453581
151	0.399918
152	0.489487
153	0.31469
154	0.53259
155	0.510519
156	0.533395
157	0.417462
158	0.31469
159	0.394895
160	0.42804
161	0.31469
162	0.402357
163	0.542501
164	0.61288
165	0.556557
166	0.31469
167	0.387133
168	0.373272
169	0.560902
170	0.534663
171	0.50858
172	0.501792
173	0.61288
174	0.61288
175	0.31469
176	0.31469
177	0.377825
178	0.395748
179	0.537338
180	0.463785
181	0.482517
182	0.55139
183	0.386715
184	0.31469
185	0.31469
186	0.61288
187	0.61288
188	0.542959
189	0.61288
190	0.31469
191	0.31469
192	0.389972
193	0.31469
194	0.375975
195	0.375255
196	0.370871
197	0.31469
198	0.396984
199	0.413263
200	0.508263
201	0.484056
202	0.439922
203	0.31469
204	0.399274
205	0.61288
206	0.550388
207	0.548123
208	0.385822
209	0.378541
210	0.474046
211	0.467738
212	0.31469
213	0.31469
214	0.378541
215	0.31469
216	0.31469
217	0.61288
218	0.61288
219	0.543075
220	0.401851
221	0.383868
222	0.486151
223	0.31469
224	0.31469
225	0.31469
226	0.31469
227	0.61288
228	0.61288
229	0.61288
230	0.61288
231	0.61288
232	0.551888
233	0.534152
234	0.519238
235	0.61288
236	0.523914
237	0.61288
238	0.55481
239	0.31469
240	0.420764
241	0.425398
242	0.61288
243	0.61288
244	0.534663
245	0.542662
246	0.463785
247	0.469295
248	0.534663
249	0.513976
250	0.31469
251	0.31469
252	0.31469
253	0.31469
254	0.31469
255	0.393884
256	0.378243
257	0.31469
258	0.31469
259	0.31469
260	0.424421
261	0.387623
262	0.478224
263	0.475099
264	0.385433
265	0.39879
266	0.459746
267	0.53796
268	0.445723
269	0.539536
270	0.61288
271	0.526146
272	0.511076
273	0.457888
274	0.494419
275	0.492212
276	0.496757
277	0.535323
278	0.31469
279	0.421163
280	0.61288
281	0.61288
282	0.542501
283	0.419734
284	0.515124
285	0.517168
286	0.481932
287	0.61288
288	0.61288
289	0.61288
290	0.544296
291	0.54343
292	0.61288
293	0.61288
294	0.547888
295	0.515513
296	0.477236
297	0.455887
298	0.397386
299	0.374992
300	0.530063
301	0.38992
302	0.379043
303	0.454254
304	0.61288
305	0.550113
306	0.61288
307	0.61288
308	0.552449
309	0.395666
310	0.421163
311	0.542501
312	0.61288
313	0.558349
314	0.61288
315	0.61288
316	0.61288
317	0.556994
318	0.4088
319	0.463785
320	0.31469
321	0.31469
322	0.414293
323	0.439375
324	0.40789
325	0.31469
326	0.61288
327	0.407857
328	0.31469
329	0.31469
330	0.397059
331	0.31469
332	0.381962
333	0.61288
334	0.61288
335	0.515442
336	0.61288
337	0.61288
338	0.551455
339	0.516723
340	0.53796
341	0.463785
342	0.469295
343	0.389237
344	0.61288
345	0.31469
346	0.31469
347	0.369945
348	0.378208
349	0.542103
350	0.543269
351	0.61288
352	0.31469
353	0.31469
354	0.424556
355	0.538332
356	0.61288
357	0.61288
358	0.538332
359	0.61288
360	0.61288
361	0.541599
362	0.464007
363	0.542382
364	0.61288
365	0.61288
366	0.529092
367	0.539163
368	0.474504
369	0.518304
370	0.545854
371	0.31469
372	0.31469
373	0.31469
374	0.50796
375	0.507772
376	0.61288
377	0.31469
378	0.31469
379	0.535911
380	0.387236
381	0.61288
382	0.561216
383	0.475432
384	0.484852
385	0.447722
386	0.473347
387	0.31469
388	0.372113
389	0.375368
390	0.538177
391	0.31469
392	0.439152
393	0.53259
394	0.48995
395	0.61288
396	0.61288
397	0.556055
398	0.31469
399	0.543609
400	0.61288
401	0.61288
402	0.548846
403	0.31469
404	0.378541
405	0.529092
406	0.463785
407	0.61288
408	0.374823
409	0.411291
410	0.31469
411	0.31469
412	0.454921
413	0.31469
414	0.31469
415	0.489833
416	0.552872
417	0.31469
418	0.31469
419	0.450858
420	0.31469
421	0.389237
422	0.389237
423	0.481275
424	0.61288
425	0.546301
426	0.61288
427	0.53616
428	0.541405
429	0.510956
430	0.31469
431	0.31469
432	0.463785
433	0.61288
434	0.61288
435	0.61288
436	0.61288
437	0.61288
438	0.61288
439	0.31469
440	0.31469
441	0.391074
442	0.61288
443	0.61288
444	0.61288
445	0.546146
446	0.31469
447	0.61288
448	0.391074
449	0.389237
450	0.427719
451	0.378178
452	0.31469
453	0.387236
454	0.368982
455	0.61288
456	0.552954
457	0.31469
458	0.515227
459	0.463785
460	0.417437
461	0.558899
462	0.537395
463	0.61288
464	0.361398
465	0.387133
466	0.366071
467	0.389237
468	0.389237
469	0.31469
470	0.463785
471	0.39733
472	0.61288
473	0.61288
474	0.31469
475	0.61288
476	0.61288
477	0.379037
478	0.439534
479	0.373172
480	0.482098
481	0.31469
482	0.31469
483	0.408423
484	0.377559
485	0.31469
486	0.378541
487	0.61288
488	0.61288
489	0.61288
490	0.31469
491	0.61288
492	0.31469
493	0.463785
494	0.54147
495	0.61288
496	0.61288
497	0.396088
498	0.533573
499	0.61288
500	0.538715
501	0.31469
502	0.31469
503	0.31469
504	0.548372
505	0.493118
506	0.549477
507	0.61288
508	0.31469
509	0.31469
510	0.31469
511	0.31469
512	0.31469
513	0.51649
514	0.31469
515	0.537348
516	0.544646
517	0.397386
518	0.40632
519	0.61288
520	0.540375
521	0.31469
522	0.31469
523	0.31469
524	0.377283
525	0.463785
526	0.31469
527	0.31469
528	0.61288
529	0.463785
530	0.61288
531	0.551444
532	0.61288
533	0.61288
534	0.524825
535	0.444107
536	0.469295
537	0.464393
538	0.31469
539	0.551204
540	0.477236
541	0.403224
542	0.541812
543	0.509848
544	0.546461
545	0.47048
546	0.31469
547	0.546146
548	0.61288
549	0.61288
550	0.463785
551	0.61288
552	0.61288
553	0.31469
554	0.31469
555	0.463785
556	0.61288
557	0.61288
558	0.61288
559	0.478299
560	0.449137
561	0.61288
562	0.476263
563	0.61288
564	0.61288
565	0.61288
566	0.41614
567	0.433742
568	0.463785
569	0.53259
570	0.500274
571	0.440599
572	0.54049
573	0.538332
574	0.31469
575	0.61288
576	0.31469
577	0.557624
578	0.61288
579	0.61288
580	0.61288
581	0.61288
582	0.61288
583	0.437915
584	0.531451
585	0.61288
586	0.61288
587	0.61288
588	0.61288
589	0.551116
590	0.61288
591	0.538332
592	0.452965
593	0.376267
594	0.31469
595	0.61288
596	0.525967
597	0.474046
598	0.31469
599	0.31469
600	0.61288
601	0.31469
602	0.387757
603	0.31469
604	0.61288
605	0.61288
606	0.61288
607	0.61288
608	0.31469
609	0.31469
610	0.31469
611	0.61288
612	0.61288
613	0.466532
614	0.378541
615	0.61288
616	0.463785
617	0.31469
618	0.31469
619	0.361398
620	0.31469
621	0.31469
622	0.61288
623	0.61288
624	0.538332
625	0.31469
626	0.61288
627	0.31469
628	0.31469
629	0.31469
630	0.403224
631	0.31469
632	0.463785
633	0.450767
634	0.61288
635	0.61288
636	0.537348
637	0.61288
638	0.531451
639	0.31469
640	0.31469
641	0.378606
642	0.31469
643	0.61288
644	0.535565
645	0.61288
646	0.61288
647	0.538332
648	0.61288
649	0.61288
650	0.61288
651	0.237302
652	0.237163
653	0.205569
654	0.0723485
655	0.0708267
656	0.162603
657	0.0587005
658	0.247119
659	0.171285
660	0.158994
661	0.176063
662	0.236748
663	0
664	0
665	0
666	0.0514943
667	0
668	0
669	0.0845207
670	0.083491
671	0
672	0
673	0.080575
674	0.0652573
675	0
676	0
677	0.0759991
678	0.0603962
679	0
680	0.0794618
681	0
682	0.0798243
683	0.243127
684	0.186106
685	0.25349
686	0.161557
687	0.188667
688	0.240193
689	0.16637
690	0.113891
691	0.0550135
692	0.24945
693	0.242512
694	0.253724
695	0.121928
696	0.203733
697	0.218448
698	0.0845844
699	0.239063
700	0.257891
701	0.250673
702	0.0999581
703	0
704	0.0714501
705	0.0652943
706	0.093906
707	0.0978921
708	0.149259
709	0.0642513
710	0.208715
711	0.263264
712	0.247796
713	0.255979
714	0.168056
715	0.22399
716	0.234871
717	0.119171
718	0.130679
719	0.191557
720	0.0626131
721	0.157345
722	0.107005
723	0.225616
724	0.24573
725	0.198979
726	0.181678
727	0
728	0.063668
729	0.11727
730	0.121928
731	0.103503
732	0.179812
733	0
734	0
735	0
736	0.0806508
737	0.0495848
738	0.0885701
739	0.156505
740	0.140394
741	0.0946306
742	0.201431
743	0.0908542
744	0
745	0.0790216
746	0.0647022
747	0
748	0
749	0.232193
750	0.157345
751	0.157375
752	0.244908
753	0.219501
754	0.217141
755	0.261367
756	0.0616996
757	0.140909
758	0.170034
759	0.239414
760	0.235084
761	0.215439
762	0.218819
763	0.139636
764	0.121928
765	0.0915143
766	0.22371
767	0.121928
768	0.0845844
769	0.141427
770	0.147771
771	0.1778
772	0.114788
773	0
774	0.0799942
775	0.0956619
776	0.235546
777	0.263356
778	0.17929
779	0.245418
780	0.075028
781	0.091433
782	0.139636
783	0.104897
784	0.0524483
785	0.139636
786	0.180184
787	0.211435
788	0.253304
789	0.235387
790	0.218819
791	0.199724
792	0.241939
793	0.0803852
794	0.157345
795	0.117267
796	0.141592
797	0
798	0.223058
799	0.0783884
800	0
801	0
802	0.230206
803	0.236457
804	0
805	0
806	0.0845844
807	0.166808
808	0.189372
809	0.262242
810	0.209793
811	0.262242
812	0
813	0
814	0.0836459
815	0.181444
816	0.211256
817	0.19572
818	0.265105
819	0.0524483
820	0
821	0
822	0.269077
823	0.230939
824	0.20028
825	0.228058
826	0.146319
827	0.121928
828	0.163467
829	0.199724
830	0.269077
831	0.269077
832	0
833	0
834	0
835	0.0845844
836	0.234917
837	0.261677
838	0.205267
839	0.0846411
840	0.191727
841	0.0718191
842	0.171792
843	0.240664
844	0.199809
845	0
846	0.0875941
847	0.0933442
848	0.088449
849	0.160056
850	0.220197
851	0
852	0.0723069
853	0
854	0.106812
855	0
856	0.0795545
857	0.0652871
858	0.218819
859	0.269077
860	0.212967
861	0.246092
862	0.241582
863	0
864	0.0932607
865	0
866	0
867	0.199724
868	0.175279
869	0
870	0.0877478
871	0.0742131
872	0.269077
873	0.254512
874	0.237484
875	0.222891
876	0.157345
877	0.0935425
878	0.0914424
879	0.114078
880	0.139636
881	0.139636
882	0.209793
883	0.196569
884	0.0845844
885	0.084872
886	0.205851
887	0.199724
888	0.232874
889	0.0966819
890	0.112075
891	0
892	0.115028
893	0.0677206
894	0.106086
895	0
896	0
897	0.227268
898	0.141581
899	0
900	0.238619
901	0.253688
902	0.170814
903	0.251456
904	0
905	0.0472412
906	0.0789028
907	0.0472412
908	0.121928
909	0.0775338
910	0.255594
911	0.0800514
912	0
913	0
914	0.146933
915	0.185863
916	0.0917609
917	0.160514
918	0.0876181
919	0
920	0
921	0
922	0
923	0.0448367
924	0
925	0
926	0.104897
927	0.0524483
928	0.0524483
929	0.0833021
930	0.121928
931	0.0472412
932	0.224315
933	0.162153
934	0
935	0.224143
936	0.0917609
937	0
938	0
939	0
940	0.0701443
941	0.209622
942	0
943	0
944	0.205965
945	0.244797
946	0
947	0
948	0
949	0
950	0
951	0.0524483
952	0
953	0
954	0
955	0
956	0.0739598
957	0.209386
958	0.158994
959	0.18832
960	0.162674
961	0.156669
962	0.24712
963	0.256002
964	0.139636
965	0
966	0
967	0.0791166
968	0.267391
969	0
970	0
971	0.0524483
972	0
973	0
974	0
975	0.0714185
976	0.169629
977	0.157345
978	0.236017
979	0.180531
980	0.135235
981	0.240613
982	0.0833021
983	0.114706
984	0.164002
985	0
986	0.106086
987	0.234295
988	0.254294
989	0
990	0
991	0.0749361
992	0.0472412
993	0
994	0
995	0
996	0
997	0.0725148
998	0
999	0.0975494
1000	0.262242
1001	0
1002	0
1003	0.109178
1004	0.0962889
1005	0.0692096
1006	0.243467
1007	0.212967
1008	0.242972
1009	0.170034
1010	0.235084
1011	0.239414
1012	0.192252
1013	0.157345
1014	0.0561696
1015	0.0917984
1016	0.181772
1017	0.199724
1018	0.171242
1019	0
1020	0.229597
1021	0
1022	0
1023	0
1024	0.0910557
1025	0
1026	0.0927209
1027	0.144579
1028	0.243435
1029	0
1030	0.248471
1031	0.257055
1032	0.218819
1033	0.21553
1034	0.176722
1035	0.218819
1036	0.108064
1037	0.258274
1038	0.0678919
1039	0.0524483
1040	0.104897
1041	0
1042	0.07094
1043	0.209102
1044	0.159869
1045	0.0953809
1046	0.0638913
1047	0.0778403
1048	0
1049	0
1050	0.269077
1051	0.236582
1052	0.0874911
1053	0.209022
1054	0.148171
1055	0.262242
1056	0
1057	0.209793
1058	0.262242
1059	0.252881
1060	0.194706
1061	0.245885
1062	0.243119
1063	0
1064	0.218819
1065	0.0638635
1066	0.226702
1067	0.199724
1068	0.10887
1069	0.162065
1070	0.123736
1071	0.262242
1072	0
1073	0
1074	0
1075	0
1076	0.24383
1077	0.132692
1078	0.173818
1079	0.13138
1080	0.130355
1081	0.0786725
1082	0.186427
1083	0.241984
1084	0.269077
1085	0
1086	0.0723069
1087	0
1088	0.0707795
1089	0
1090	0
1091	0
1092	0
1093	0.139636
1094	0.199724
1095	0
1096	0
1097	0
1098	0.153271
1099	0.0472412
1100	0
1101	0
1102	0.0799176
1103	0
1104	0.0747341
1105	0.0646193
1106	0.0472412
1107	0
1108	0.218819
1109	0
1110	0
1111	0.209793
1112	0.185863
1113	0.105237
1114	0.163532
1115	0
1116	0.264955
1117	0.0524483
1118	0.104897
1119	0
1120	0.246559
1121	0.250583
1122	0
1123	0.230063
1124	0
1125	0.170302
1126	0
1127	0.262242
1128	0.158868
1129	0.248203
1130	0.149012
1131	0.163145
1132	0
1133	0
1134	0
1135	0
1136	0.0845844
1137	0
1138	0
1139	0.146754
1140	0
1141	0.262242
1142	0
1143	0
1144	0
1145	0.252415
1146	0.169059
1147	0
1148	0
1149	0
1150	0
1151	0.0472412
1152	0
1153	0
1154	0
1155	0
1156	0
1157	0.263264
1158	0
1159	0
1160	0.10887
1161	0
1162	0
1163	0
1164	0
1165	0.232136
1166	0.332007
1167	0.232136
1168	0.232136
1169	0.232136
1170	0.232136
1171	0.329279
1172	0.306776
1173	0.321414
1174	0.232136
1175	0.232136
1176	0.232136
1177	0.455536
1178	0.366416
1179	0.333851
1180	0.327789
1181	0.457199
1182	0.488531
1183	0.53076
1184	0.402547
1185	0.334251
1186	0.232136
1187	0.324005
1188	0.316536
1189	0.232136
1190	0.232136
1191	0.232136
1192	0.327683
1193	0.470333
1194	0.361871
1195	0.503614
1196	0.414923
1197	0.523198
1198	0.450461
1199	0.432054
1200	0.494905
1201	0.488569
1202	0.422508
1203	0.462548
1204	0.528967
1205	0.346957
1206	0.232136
1207	0.314926
1208	0.32808
1209	0.515348
1210	0.483168
1211	0.51783
1212	0.327322
1213	0.232136
1214	0.232136
1215	0.232136
1216	0.335368
1217	0.470702
1218	0.405622
1219	0.421055
1220	0.47711
1221	0.532853
1222	0.530141
1223	0.410726
1224	0.414765
1225	0.407347
1226	0.29769
1227	0.52316
1228	0.510332
1229	0.354263
1230	0.327322
1231	0.332007
1232	0.302957
1233	0.483309
1234	0.377711
1235	0.422508
1236	0.425383
1237	0.499835
1238	0.517694
1239	0.232136
1240	0.232136
1241	0.333467
1242	0.310131
1243	0.322174
1244	0.35439
1245	0.399769
1246	0.359022
1247	0.232136
1248	0.415471
1249	0.422508
1250	0.517694
1251	0.517694
1252	0.232136
1253	0.232136
1254	0.332007
1255	0.232136
1256	0.34311
1257	0.232136
1258	0.232136
1259	0.553241
1260	0.460867
1261	0.498159
1262	0.512436
1263	0.232136
1264	0.232136
1265	0.232136
1266	0.430237
1267	0.484522
1268	0.333696
1269	0.325734
1270	0.232136
1271	0.232136
1272	0.327322
1273	0.232136
1274	0.232136
1275	0.358605
1276	0.483343
1277	0.526301
1278	0.526679
1279	0.323058
1280	0.331101
1281	0.305183
1282	0.34995
1283	0.232136
1284	0.232136
1285	0.232136
1286	0.354913
1287	0.445149
1288	0.401674
1289	0.339656
1290	0.422508
1291	0.443645
1292	0.358362
1293	0.232136
1294	0.518011
1295	0.538641
1296	0.449357
1297	0.468438
1298	0.390595
1299	0.422508
1300	0.491059
1301	0.459962
1302	0.422508
1303	0.351602
1304	0.51474
1305	0.393879
1306	0.327322
1307	0.232136
1308	0.33499
1309	0.506706
1310	0.422508
1311	0.460133
1312	0.382277
1313	0.398208
1314	0.327322
1315	0.232136
1316	0.313269
1317	0.232136
1318	0.326158
1319	0.312699
1320	0.422508
1321	0.531351
1322	0.476929
1323	0.333977
1324	0.525214
1325	0.495656
1326	0.534439
1327	0.472605
1328	0.497878
1329	0.479781
1330	0.374442
1331	0.343683
1332	0.40284
1333	0.310145
1334	0.522044
1335	0.485678
1336	0.519816
1337	0.422508
1338	0.315667
1339	0.232136
1340	0.348039
1341	0.312633
1342	0.36328
1343	0.387281
1344	0.499835
1345	0.542136
1346	0.232136
1347	0.232136
1348	0.34401
1349	0.519897
1350	0.47149
1351	0.422508
1352	0.361976
1353	0.319392
1354	0.232136
1355	0.323395
1356	0.510535
1357	0.527451
1358	0.380924
1359	0.552811
1360	0.507361
1361	0.466843
1362	0.232136
1363	0.321537
1364	0.482821
1365	0.232136
1366	0.517694
1367	0.387564
1368	0.429183
1369	0.560815
1370	0.517694
1371	0.339121
1372	0.232136
1373	0.337129
1374	0.52995
1375	0.232136
1376	0.306718
1377	0.315598
1378	0.371911
1379	0.232136
1380	0.232136
1381	0.532617
1382	0.308798
1383	0.538297
1384	0.232136
1385	0.332504
1386	0.232136
1387	0.232136
1388	0.525819
1389	0.506513
1390	0.520821
1391	0.232136
1392	0.351915
1393	0.325094
1394	0.232136
1395	0.232136
1396	0.232136
1397	0.316973
1398	0.232136
1399	0.341816
1400	0.232136
1401	0.232136
1402	0.451535
1403	0.533752
1404	0.319784
1405	0.370016
1406	0.33499
1407	0.38843
1408	0.352134
1409	0.517694
1410	0.515348
1411	0.359991
1412	0.523159
1413	0.457007
1414	0.232136
1415	0.232136
1416	0.375859
1417	0.506236
1418	0.367348
1419	0.422508
1420	0.334653
1421	0.232136
1422	0.232136
1423	0.232136
1424	0.460867
1425	0.436815
1426	0.381249
1427	0.430172
1428	0.312151
1429	0.542408
1430	0.49452
1431	0.530332
1432	0.38601
1433	0.37518
1434	0.502806
1435	0.413668
1436	0.376657
1437	0.232136
1438	0.34518
1439	0.324374
1440	0.232136
1441	0.315524
1442	0.422508
1443	0.385054
1444	0.497785
1445	0.232136
1446	0.232136
1447	0.232136
1448	0.232136
1449	0.352866
1450	0.232136
1451	0.292866
1452	0.300674
1453	0.232136
1454	0.232136
1455	0.358492
1456	0.326301
1457	0.447025
1458	0.491556
1459	0.232136
1460	0.232136
1461	0.232136
1462	0.328231
1463	0.521254
1464	0.521487
1465	0.525646
1466	0.524613
1467	0.458864
1468	0.456585
1469	0.541673
1470	0.494148
1471	0.507986
1472	0.451052
1473	0.51451
1474	0.522851
1475	0.327322
1476	0.232136
1477	0.333345
1478	0.526868
1479	0.232136
1480	0.321999
1481	0.232136
1482	0.431151
1483	0.54382
1484	0.523592
1485	0.314242
1486	0.426272
1487	0.496695
1488	0.232136
1489	0.232136
1490	0.328578
1491	0.447637
1492	0.51188
1493	0.404687
1494	0.553241
1495	0.410726
1496	0.315309
1497	0.514873
1498	0.369004
1499	0.366897
1500	0.456064
1501	0.422508
1502	0.326307
1503	0.531351
1504	0.334653
1505	0.232136
1506	0.31663
1507	0.232136
1508	0.232136
1509	0.232136
1510	0.326564
1511	0.232136
1512	0.318931
1513	0.232136
1514	0.498159
1515	0.232136
1516	0.32142
1517	0.232136
1518	0.289055
1519	0.316837
1520	0.519649
1521	0.422508
1522	0.398768
1523	0.509519
1524	0.331906
1525	0.232136
1526	0.232136
1527	0.508705
1528	0.232136
1529	0.232136
1530	0.321999
1531	0.232136
1532	0.410686
1533	0.520756
1534	0.232136
1535	0.232136
1536	0.502903
1537	0.520859
1538	0.493254
1539	0.444814
1540	0.400555
1541	0.532337
1542	0.430051
1543	0.364885
1544	0.502005
1545	0.472769
1546	0.528154
1547	0.473356
1548	0.232136
1549	0.31633
1550	0.232136
1551	0.471704
1552	0.519327
1553	0.232136
1554	0.312851
1555	0.515949
1556	0.422508
1557	0.535799
1558	0.32973
1559	0.232136
1560	0.232136
1561	0.232136
1562	0.232136
1563	0.323962
1564	0.323293
1565	0.324619
1566	0.329707
1567	0.34311
1568	0.323293
1569	0.232136
1570	0.317258
1571	0.232136
1572	0.329063
1573	0.232136
1574	0.232136
1575	0.379924
1576	0.302123
1577	0.232136
1578	0.232136
1579	0.232136
1580	0.232136
1581	0.415471
1582	0.310355
1583	0.507289
1584	0.534148
1585	0.405332
1586	0.518121
1587	0.510243
1588	0.232136
1589	0.232136
1590	0.468434
1591	0.483343
1592	0.388699
1593	0.232136
1594	0.232136
1595	0.232136
1596	0.415471
1597	0.335875
1598	0.321197
1599	0.395674
1600	0.422508
1601	0.232136
1602	0.527349
1603	0.232136
1604	0.232136
1605	0.323648
1606	0.453266
1607	0.507289
1608	0.232136
1609	0.52341
1610	0.411774
1611	0.532095
1612	0.232136
1613	0.232136
1614	0.354913
1615	0.523536
1616	0.232136
1617	0.232136
1618	0.517694
1619	0.327322
1620	0.232136
1621	0.515348
1622	0.232136
1623	0.536261
1624	0.517694
1625	0.232136
1626	0.232136
1627	0.528105
1628	0.232136
1629	0.320296
1630	0.422508
1631	0.405332
1632	0.232136
1633	0.327322
1634	0.385054
1635	0.409406
1636	0.232136
1637	0.481023
1638	0.232136
1639	0.395098
1640	0.232136
1641	0.232136
1642	0.232136
1643	0.471971
1644	0.232136
1645	0.307501
1646	0.232136
1647	0.422508
1648	0.310887
1649	0.232136
1650	0.232136
1651	0.232136
1652	0.232136
1653	0.232136
1654	0.232136
1655	0.232136
1656	0.232136
1657	0.232136

